service_date,unique_patients,hospital_ammount,non_hospital_ammount,hospital_unique_patients,unique_service_codes,high_cost_proportion,service_code_hhi,mean_ammount,total_racords,lag_1,rolling_mean_12,rolling_mean_24,EMA_12,EMA_24,total_amount_net
2022-01-02,111,26930.0,646286.49,1,179,0.2037470725995316,0.0115999100527069,1576.6194145199065,427,7135423.806666668,,,673216.49,673216.49,673216.49
2022-01-09,812,216619.48,6941940.62,7,613,0.2270791302398565,0.0091364944666524,1604.698520511096,4461,2288768.319166667,,,4186110.945416666,4050999.6202083337,7158560.1
2022-01-16,1475,821270.87,12753223.96,25,783,0.2443887147335423,0.0076890911056298,1702.1310131661442,7975,5660162.628974359,7135423.806666668,7135423.806666668,7850399.3437875295,7493558.617385772,13574494.83
2022-01-23,1626,737067.73,14238375.52,23,769,0.2535801606706252,0.0085048551854191,1743.5607463034114,8589,11002336.864666665,9095428.6675,9095428.6675,10099497.25498707,9604051.962717181,14975443.25
2022-01-30,1604,1084899.85,13769072.15,18,875,0.2535756154747948,0.007721097457563,1741.3800703399766,8530,13662019.651542699,10247137.334,10247137.334,11391271.050825335,10835999.28022504,14853972.0
2022-02-06,1687,1162564.02,15001791.84,23,842,0.2486699297722919,0.0078796541815143,1719.9782783570972,9398,14457746.081968864,11233340.421666667,11233340.421666667,12551381.770513482,11918874.784390928,16164355.86
2022-02-13,1672,922665.38,15397149.08,25,862,0.2368209255533199,0.0073458052135752,1641.8324406438633,9940,15596006.4005276,11959979.569999998,11959979.569999998,13392294.340432491,12715148.600295775,16319814.46
2022-02-20,1745,856819.98,15265701.41,20,911,0.2374233128834355,0.0077260884656721,1648.5195695296525,9780,16078618.664572157,12480297.2975,12480297.2975,13962050.644397926,13275132.971368916,16122521.39
2022-02-27,1581,700407.03,13227591.84,19,851,0.2308047569564715,0.0079922630929143,1608.1282611707654,8661,16107888.635259291,12641153.027777778,12641153.027777778,13955313.991418093,13374082.287045559,13927998.87
2022-03-06,1577,1254211.58,14520319.58,31,900,0.2590199246095853,0.0072150581319311,1698.926350026925,9285,14654604.180253241,12954490.841,12954490.841,14300054.937835801,13713601.363822471,15774531.16
2022-03-13,1553,952097.69,13721286.34,26,832,0.2401697944593387,0.0076282622602045,1639.1179658176943,8952,15401226.381455261,13110753.858181817,13110753.858181817,14368365.160101641,13841495.090823332,14673384.03
2022-03-20,1764,1075944.32,16522121.3,27,875,0.2531356898517674,0.0071566523806655,1672.184114405169,10524,14915997.234107507,13484696.505,13484696.505,14942595.299218498,14316759.470996927,17598065.62
2022-03-27,1883,1318186.41,17598747.38,32,917,0.2580791575889615,0.0070115878191831,1717.2234740377633,11016,16704043.94621095,15005006.28,13902560.911538461,15632691.444282793,14872884.376955012,18916933.79
2022-04-03,1947,1360576.15,18288408.86,32,918,0.2563326705282268,0.0067000539906095,1698.7105567562896,11567,18179304.150510576,16045875.0225,14313019.775714288,16316538.005467724,15427594.12384558,19648985.01
2022-04-10,1913,1328919.76,18095292.2,37,962,0.2466534243026168,0.0072074411925344,1677.537953191122,11579,19159091.458453257,16533351.450000001,14653765.921333333,16837126.59437337,15875581.042648667,19424211.96
2022-04-17,1882,1148558.67,16935418.13,32,915,0.2463995568685376,0.0073563593237608,1669.4956425406206,10832,19335838.46359035,16792395.9125,14868154.10125,17043178.421712063,16115426.45181833,18083976.8
2022-04-24,2026,862457.78,17251660.43,29,859,0.2552566774010229,0.0069324710156054,1715.6770420534192,10558,18501264.01473424,17064074.763333336,15059093.16647059,17218162.791108403,16326459.854623342,18114118.21
2022-05-01,1823,1200433.03,15948748.89,31,874,0.2480635356407491,0.0070821748297227,1681.4571938425338,10199,18243166.810911886,17146143.601666667,15175209.208333334,17206998.36822046,16411160.465033561,17149181.92
2022-05-08,1466,832747.98,13468802.54,26,824,0.2504161712247325,0.0070271363149865,1700.5410844233056,8410,17513843.54967646,16977954.94,15129227.172105262,16740490.12946236,16198845.579710938,14301550.52
2022-05-15,1658,669043.45,14283724.61,20,814,0.2332430969139144,0.0076985550545243,1619.1411001624256,9235,15372314.862611301,16880475.495833334,15120404.2165,16455362.844970658,16075974.407612715,14952768.06
2022-05-22,1954,1519161.92,17137030.86,39,1033,0.2368211920529801,0.0066809779298178,1647.345940838852,11325,15092616.994177029,17274491.655,15288775.10047619,16804406.877246816,16325752.887733541,18656192.78
2022-05-29,1975,1445044.34,17326170.22,39,1028,0.2353657475863268,0.0064368021279062,1632.7054501174218,11497,17468334.184801385,17524215.27166667,15447067.80318182,17114861.008211464,16558573.630157521,18771214.56
2022-06-05,1869,1051406.54,15991925.88,31,931,0.2398690923091731,0.0065921642893632,1640.5171258061414,10389,18336921.101609685,17721710.970833335,15516470.612608697,17103615.444124892,16604033.967614297,17043332.42
2022-06-12,1730,1163519.6,15160319.24,25,927,0.2432487104278345,0.006858680391959,1651.040643268939,9887,17474528.647200175,17615525.405833334,15550110.955416666,16981432.66833813,16578114.616521407,16323838.84
2022-06-19,1756,1169146.82,15051828.59,29,920,0.2388377037562012,0.00694209527415,1642.2978039890654,9877,16707402.109065818,17390862.2075,16197934.24375,16862614.86593467,16545485.595010424,16220975.41
2022-06-26,1838,1220412.49,15522600.56,38,916,0.2330573738929534,0.0065224580834288,1611.7648296110897,10388,16383117.64302181,17148697.8775,16597286.450000001,16843972.37967425,16563329.392010307,16743013.05
2022-07-03,1795,1637024.39,15126353.98,35,947,0.2380575610720997,0.0066919834481699,1657.9347611512214,10111,16623047.914340638,16926961.745,16730156.597499998,16831435.478102826,16581216.099660065,16763378.37
2022-07-10,1634,784450.74,13923147.82,26,825,0.2390814948221521,0.007123075728571,1655.5153714542998,8884,16716601.551446883,16645596.891666666,16718996.402083332,16501623.389596445,16415254.846456503,14707598.56
2022-07-17,1603,1076176.36,14269821.34,23,844,0.2373803307223672,0.0070343691983266,1669.4949630113142,9192,15377266.223815609,16414920.1825,16739497.472916665,16322424.34387305,16321347.74352684,15345997.7
2022-07-24,1685,1311025.21,14909754.16,29,924,0.2339626471782379,0.0067413884648296,1646.4453278522126,9852,15356420.54127187,16337553.303333335,16741848.4525,16306681.808912367,16312583.937756838,16220779.37
2022-07-31,1662,1274136.63,14752759.52,33,926,0.241495170096598,0.0063754804282326,1682.7904399412012,9524,15932659.760423956,16481332.105833331,16729643.522916667,16263393.91421821,16287864.87740597,16026896.15
2022-08-07,1590,1313880.58,13939657.18,28,888,0.2336206896551724,0.0066324037604042,1643.7001896551724,9280,15995484.02014132,16506396.2475,16693435.871666668,16107287.03869265,16198950.142018879,15253537.76
2022-08-14,1585,1272783.66,13819344.78,31,868,0.2450628366247755,0.0069148339317773,1693.4614497307002,8912,15500853.180047108,16209390.885833332,16741941.270416668,15950476.083196431,16104367.569187762,15092128.44
2022-08-21,1618,1425414.27,14603522.88,32,924,0.2356760098928277,0.0070646155043364,1651.7865983099753,9704,15228370.020015702,15980867.768333333,16752541.519999998,15962588.369209278,16097956.688677365,16028937.15
2022-08-28,1592,1364546.43,13983696.9,28,943,0.2274117026884554,0.0069897785505455,1618.1595498154982,9485,15762081.440005234,15839610.344166666,16780660.657500003,15867799.917127538,16034554.479843322,15348243.33
2022-09-04,1653,987482.71,14816601.68,29,931,0.2377843302443134,0.0068213663678902,1664.2885836141534,9496,15486189.36666841,15796297.473333335,16705911.439583333,15857973.508460283,16015152.586580403,15804084.39
2022-09-11,1691,1383098.13,15056025.97,35,921,0.2324361765287947,0.0068279208919003,1626.669711062735,10106,15698119.382222803,15814476.530833334,16602669.369166665,15947566.602197751,16050695.491636014,16439124.1
2022-09-18,1771,1194758.9,16657519.09,30,929,0.2246085011185682,0.0073956148121456,1597.5192832214764,11175,16192122.527407601,15906915.275833333,16527806.576666666,16241112.872665217,16201151.254286755,17852277.99
2022-09-25,1815,1324798.3,16699259.77,31,949,0.2384069830878341,0.0070618404358001,1638.848706128387,10998,17298892.835802533,16011971.917499999,16469466.831249999,16515818.944374187,16352854.924932685,18024058.07
2022-10-02,1796,1140863.22,15930644.77,28,932,0.2328953771289537,0.0071909496155007,1661.4606316301702,10275,17782336.325267512,16208964.369999997,16427280.630833333,16601416.826417686,16412469.766866943,17071507.99
2022-10-09,1753,904924.32,16508282.14,28,878,0.2264133627019089,0.0078225570390783,1598.1283461820854,10896,17308450.768422503,16381231.766666666,16398075.974583335,16726440.099586695,16495239.986424953,17413206.46
2022-10-16,1812,1242611.56,16900283.84,39,937,0.2361060329067641,0.0069220010093279,1658.399945155393,10940,17378287.896140832,16541408.1025,16439480.702916667,16944551.98184263,16631148.17840975,18142895.4
2022-10-23,1904,1022002.66,17456672.31,32,940,0.2251436531429566,0.0070444986604683,1608.799840675605,11486,17888026.232046943,16745723.004166665,16613527.555,17180750.210388415,16783165.03789376,18478674.97
2022-10-30,1910,2198138.04,16013305.32,44,982,0.2287535410764872,0.0064021195800463,1612.2028470254957,11296,18281792.05734898,16992215.1375,16749305.6925,17339420.308735248,16900418.112411622,18211443.36
2022-11-06,1721,1358602.02,14993564.15,35,954,0.2373158756137479,0.0067544921126858,1672.6847555237316,9776,18234892.925782993,17097218.281666666,16653304.58375,17187452.458209906,16855503.969800495,16352166.17
2022-11-13,1854,1245628.05,16558485.02,37,943,0.2330625807642606,0.0068336374909269,1643.3554615100609,10834,16979741.755261,17245149.60833333,16613008.688333333,17282366.973340914,16933067.24030312,17804113.07
2022-11-20,1920,2212435.2,17450573.15,45,1044,0.223455989625547,0.0066742893557828,1593.6949546117687,12338,17529322.63175367,17604713.36,16722161.852083333,17648762.076009456,17155888.24998516,19663008.35
2022-11-27,2040,1571306.52,19134607.34,46,978,0.2428185612570586,0.0070823908014068,1694.566974384156,12219,18951779.777251225,18013199.149166666,16904748.311249997,18119248.042255234,17445176.53492464,20705913.86
2022-12-04,2041,1588267.93,17553156.87,42,980,0.2410824108241082,0.0068977269334407,1681.727710419961,11382,20121202.499083742,18238390.874166664,17026433.702499997,18276549.832916897,17583196.706619613,19141424.8
2022-12-11,2060,1634905.16,18332024.99,36,932,0.2336106489184692,0.0074267651529203,1661.142275374376,12020,19468017.36636125,18414611.8875,17160763.581666667,18536669.668598395,17776891.152556896,19966930.15
2022-12-18,1927,1760300.69,16874398.8,49,1020,0.2430085907512337,0.0066282257746858,1703.043272710656,10942,19800625.88878708,18465498.6725,17238735.294999998,18551754.188758466,17846506.385687426,18634699.49
2022-12-25,1810,1357546.79,15600906.12,34,913,0.2340279816064964,0.006960458190591,1659.1774689365034,10221,19023341.622929025,18456077.415833335,17332520.89291667,18306589.531989045,17774519.74308137,16958452.91
2023-01-01,1416,823916.84,11308919.15,24,820,0.2547584187408492,0.0070245171911877,1776.4035124450952,6830,17646749.14764301,18016046.543333333,17198639.155,17356645.615768455,17317683.10375522,12132835.99
2023-01-08,874,435302.71,7902488.37,13,628,0.2607959356477561,0.0084216937525497,1764.9854106689247,4724,13970807.042547671,17198954.516666666,16870181.309583332,15968961.825068528,16591242.728447823,8337791.08
2023-01-15,1602,796493.5700000001,14903657.22,28,870,0.2429866206301251,0.0080507988374382,1694.0171331463098,9268,10215463.06751589,16967410.834999997,16856566.91958333,15927602.051688185,16519221.209890574,15700150.79
2023-01-22,1801,802352.88,18491012.87,29,888,0.2655861497375449,0.0072616382921602,1776.7166175522607,10859,13871921.549171962,17057571.034166668,17024893.085833333,16445456.660968484,16743253.78983387,19293365.75
2023-01-29,1930,1286811.05,19019515.35,38,973,0.2597009765793794,0.0070112236536495,1754.932711088065,11571,17486217.68305732,17387084.386666667,17242151.334166665,17039480.113438856,17030780.355131015,20306326.4
2023-02-05,2011,1863950.72,19248981.83,39,1061,0.2565466448445171,0.0064796113800188,1727.735887888707,12220,19366290.161019105,17662819.343333334,17453984.475833334,17666203.931007076,17359965.499459304,21112932.55
2023-02-12,2054,884386.42,19549897.49,33,979,0.2656685236768802,0.0070231484130709,1778.7503403551532,11488,20530718.420339704,17727092.30666667,17665902.833333332,18092084.714684583,17607720.244016297,20434283.91
2023-02-19,2025,937462.66,18795981.36,25,944,0.255174875089222,0.0070644738055462,1760.6570324768022,11208,20466428.7467799,17646053.153333332,17829626.15125,18344612.73221562,17778928.40099748,19733444.02
2023-02-26,1740,907160.09,15613595.41,29,842,0.2511697150148873,0.0069820601783796,1756.7796150574225,9404,19977772.262259964,17427664.045,17833027.459583335,18064008.78006301,17677648.560059417,16520755.5
2023-03-05,2006,1200793.68,19267443.27,25,996,0.2526468579234973,0.0070031157618919,1747.6295210040985,11712,17673094.42075332,17469439.61166667,17942025.749583334,18433901.78418698,17902172.386735726,20468236.95
2023-03-12,1961,1099523.25,18313468.47,24,959,0.2503089143865843,0.0068321532707688,1713.4149796999116,11330,19536522.77358444,17534297.2975,17999897.985,18584535.052972857,18023673.57696238,19412991.72
2023-03-19,2168,2286160.27,20565376.68,46,1120,0.2550613381500715,0.0064147330578411,1719.8417212312786,13287,19454168.73786148,18025387.634166665,18240732.525000002,19241011.810426477,18411770.579564534,22851536.95
2023-03-26,2153,1058032.01,20194053.09,35,953,0.2677072843235985,0.0071469290291072,1783.4915323934208,11916,21719080.879287157,18785325.06,18400685.801666666,19550413.654043052,18640006.371999893,21252085.1
2023-04-02,2114,961448.68,20545064.79,35,952,0.2603709126403123,0.0072453774663258,1749.350371726045,12294,21407750.359762385,19882718.5925,18540836.554583333,19851356.98664234,18870264.960584532,21506513.47
2023-04-09,2222,1248854.75,20785059.94,35,982,0.2606793413411821,0.0070308594047634,1752.7575125288363,12571,21473592.433254126,20410532.250833336,18688971.542916667,20187139.72040421,19124309.06301892,22033914.69
2023-04-16,2034,1697349.71,18854140.05,41,1056,0.2558689410572538,0.0065925583659488,1735.4745617294377,11842,21847140.604418043,20515375.918333333,18786473.47625,20243194.2260287,19238878.558949552,20551489.76
2023-04-23,2060,1628435.49,18550175.24,43,1071,0.2649386796555623,0.0064002310649633,1755.1196599112811,11497,20983373.374806017,20504732.945833333,18945908.66625,20233258.20556492,19314296.372761477,20178610.73
2023-04-30,1869,1234988.07,16457686.06,32,952,0.2488038277511961,0.0068739720742983,1727.631493994727,10241,20446864.94493534,20219711.410833333,18941265.377083335,19842395.855067678,19184186.87908597,17692674.13
2023-05-07,1481,1021404.01,13542636.85,21,938,0.2350246248997823,0.0069419978215766,1668.0839376932768,8731,18610737.73497845,19730524.49,18728808.39833333,19030335.506002873,18813580.138046,14564040.86
2023-05-14,1533,1169439.02,13423256.89,28,899,0.240764331210191,0.0072505313443725,1689.9474128546613,8635,15912939.818326151,19302128.81416667,18474090.98375,18347617.642631173,18475073.236513063,14592695.91
2023-05-21,1748,1820706.05,15905334.37,40,971,0.2547896504048982,0.0059501710406219,1750.5471479360065,10126,15032777.212775385,19402569.224166665,18415116.634583335,18251989.894123517,18415014.12450159,17726040.42
2023-05-28,1846,1232591.68,16952779.12,42,920,0.2580041375233967,0.0066810974985045,1791.485646734312,10151,16828286.017591797,19212330.378333334,18340884.995,18241740.7588731,18396604.1681807,18185370.8
2023-06-04,1921,922164.4,17588511.76,26,935,0.2570791311093871,0.007251507052875,1795.0616912335145,10312,17733009.205863934,19137137.415,18335717.35625,18283115.585743453,18405747.514544837,18510676.16
2023-06-11,1767,1520512.03,16169802.85,37,972,0.2404224675948151,0.00710842798698,1698.5419951992317,10415,18251453.841954645,18707035.575833336,18366211.605,18191915.19781927,18348411.44192119,17690314.88
2023-06-18,1806,1298429.31,16359913.65,32,987,0.2580099502487562,0.0067297146110244,1757.049050746269,10050,17877361.200651545,18407557.064166665,18596441.062083334,18109826.948476765,18293115.940569796,17658342.96
2023-06-25,1782,1421813.7,16786312.39,32,952,0.2613196594427244,0.0066142548452491,1761.6221062306502,10336,17731349.04021718,18132691.449166667,19007705.020833332,18124949.926491898,18286306.553501602,18208126.09
2023-07-02,1835,1271641.98,17032697.87,28,928,0.2618538670812281,0.0067863130367085,1778.5017343567822,10292,18049200.40673906,17821893.54583333,19116212.898333333,18152548.42747568,18287751.207905475,18304339.85
2023-07-09,1707,1345317.89,15937228.47,31,932,0.2582902342561606,0.0067013117049634,1752.6159983774464,9861,18219293.36891302,17549481.595833335,19032428.75708333,18018701.745394323,18207232.74453782,17282546.36
2023-07-16,1688,1416725.0,16774240.21,30,968,0.2536659683869739,0.0068334600212722,1732.1429451533045,10502,17594795.362971008,17383844.46916667,18944288.7075,18045203.85208296,18205929.822163343,18190965.21
2023-07-23,1668,1071092.05,16918003.47,29,982,0.240354386967705,0.0066110969579,1713.7368314756598,10497,17992241.927657004,17408546.251666665,18814128.83125,18036571.791289072,18188564.444849446,17989095.52
2023-07-30,1752,1286005.7,16098127.16,30,910,0.2561274509803921,0.0067768030925605,1775.340365604575,9792,17990144.322552335,17643553.918333333,18687039.20416667,17936196.475608744,18124146.326761562,17384132.86
2023-08-06,1716,1209682.14,16131033.81,26,977,0.2627599243856333,0.0065962942536901,1821.1211877756773,9522,17586136.680850778,17872555.588333335,18587342.201249998,17844584.013314337,18061414.924485896,17340715.95
2023-08-13,1740,1199334.52,16542826.91,27,975,0.2552444042958948,0.0067022750814569,1780.8051219512197,9963,17422522.860283595,17873899.00583333,18638234.115,17828826.682072554,18035853.28725114,17742161.43
2023-08-20,1768,1017945.21,17716948.64,26,925,0.2624987958770831,0.0070655209247077,1804.72920238898,10381,17635615.24009453,17919692.593333334,18566011.485833336,17968221.711316716,18091819.55317023,18734893.85
2023-08-27,1804,1447040.66,17646878.92,31,1051,0.2497018622144757,0.0065795434674931,1751.575046326025,10901,18368467.646698177,17968296.21166667,18552716.813333336,18141406.083256647,18172044.290084265,19093919.58
2023-09-03,1917,937378.81,17667895.02,28,1052,0.2708112789914349,0.0070251436562112,1790.5181243383695,10391,18852102.268899392,18044542.790833335,18375789.183333334,18212770.38143212,18206725.217455074,18605273.83
2023-09-10,1895,1499807.68,17806145.18,26,1036,0.256928092736823,0.0069068092942193,1748.410873030248,11042,18687549.976299796,18181843.615833335,18294700.34,18380952.359929636,18294716.09776452,19305952.86
2023-09-17,1960,1222370.14,18160883.66,29,1014,0.2678755989852485,0.0071596389724126,1821.2208775721133,10643,19099818.565433264,18279770.925,18206231.187083334,18535152.62703277,18381847.09581116,19383253.8
2023-09-24,1958,1295625.34,18338422.07,33,1078,0.2625,0.0068389640805341,1765.651745503597,11120,19288775.388477754,18390579.88833333,18106236.71708333,18704213.40513414,18482073.89901357,19634047.41
2023-10-01,1959,1298371.54,18130183.24,29,1013,0.2638274336283185,0.0071312405641701,1790.980344764012,10848,19518956.73615925,18569413.923333332,18059447.759583335,18815650.56329938,18557827.67841141,19428554.78
2023-10-08,2005,1171485.4,19393328.87,21,1001,0.2688363798484173,0.0072330442418668,1833.6882987070887,11215,19458688.765386418,18767234.67833333,18075539.57375,19084752.72018462,18718455.48503015,20564814.27
2023-10-15,1969,1135933.25,18273074.16,25,1037,0.2618219422769577,0.0072308934503772,1824.669306195356,10637,20196105.76846214,18885560.669166666,18147053.460416667,19134638.064633872,18773721.44188764,19409007.41
2023-10-22,2135,717184.02,20983638.75,25,1001,0.2636130136986301,0.0070958141771439,1857.9471549657533,11680,19671373.529487383,19245284.828333333,18444419.373333335,19529435.762202874,19007974.569682326,21700822.77
2023-10-29,2056,1313657.41,19247679.35,32,1032,0.2589570769776516,0.0069881144028365,1823.460159631075,11276,21024339.689829126,19513669.895833332,18693112.742083333,19688189.77907713,19132285.053612545,20561336.76
2023-11-05,1939,1033741.86,17513151.77,24,891,0.2531914893617021,0.0078673832443534,1793.7034458413923,10340,20715671.069943044,19580730.912499998,18727314.959166665,19512605.740033124,19085439.348787926,18546893.63
2023-11-12,2156,1532731.67,19788709.07,39,1095,0.2532409294741133,0.0070910948913358,1738.397125152874,12265,19269819.443314347,19796276.48666667,18857984.54,19790888.069323644,19264370.02996164,21321440.74
2023-11-19,2197,1176607.99,20764028.04,40,1004,0.2752917471245067,0.0072606121968278,1842.0481932667285,11911,20637566.974438116,20033502.857499998,19000899.534583334,20121618.546537235,19478526.99353941,21940636.03
2023-11-26,2246,1125323.29,20548979.69,35,1033,0.276356456043956,0.007154711863943,1860.774637706044,11648,21506279.67814604,20289255.286666665,19166899.03875,20360493.088039372,19654231.102965657,21674302.98
2023-12-03,2346,1826138.59,22237412.36,41,1088,0.2784800369970711,0.0071214989298419,1854.751884538308,12974,21618295.212715346,20685721.794166666,19433782.705,20930194.324365295,20007054.33827534,24063550.95
2023-12-10,2327,1502433.08,21953169.81,42,1057,0.2682677165354331,0.0075752495504991,1846.8978653543309,12700,23248465.70423845,21025084.218333334,19652427.57166667,21318718.734539777,20282994.09164012,23455602.89
2023-12-17,2296,1467794.52,20005890.98,43,1039,0.2712258064516129,0.0075245841137703,1847.198752688172,11625,23386557.161412816,21178387.392500002,19784483.640416667,21342559.776182607,20378267.150956597,21473685.5
2023-12-24,2138,1182273.21,19494912.54,35,1104,0.2635093029466749,0.0077412962653778,1840.75364995994,11233,22111309.387137607,21282439.973333333,19925926.948333334,21240194.538468637,20402184.737629794,20677185.75
2023-12-31,1830,898285.88,16066752.58,22,955,0.2709543113838062,0.0081216771782627,1858.7748942697488,9127,21155226.962379202,20982458.655833334,19874846.667083334,20582478.20284732,20127169.676510025,16965038.46
