service_date,unique_patients,non_hospital_ammount,unique_service_codes,total_racords,lag_1,EMA_12,total_amount_net
2022-01-02,111,646286.49,179,427,7135423.806666668,673216.49,673216.49
2022-01-09,812,6941940.62,613,4461,2288768.319166667,4186110.945416666,7158560.1
2022-01-16,1475,12753223.96,783,7975,5660162.628974359,7850399.3437875295,13574494.83
2022-01-23,1626,14238375.52,769,8589,11002336.864666665,10099497.25498707,14975443.25
2022-01-30,1604,13769072.15,875,8530,13662019.651542699,11391271.050825335,14853972.0
2022-02-06,1687,15001791.84,842,9398,14457746.081968864,12551381.770513482,16164355.86
2022-02-13,1672,15397149.08,862,9940,15596006.4005276,13392294.340432491,16319814.46
2022-02-20,1745,15265701.41,911,9780,16078618.664572157,13962050.644397926,16122521.39
2022-02-27,1581,13227591.84,851,8661,16107888.635259291,13955313.991418093,13927998.87
2022-03-06,1577,14520319.58,900,9285,14654604.180253241,14300054.937835801,15774531.16
2022-03-13,1553,13721286.34,832,8952,15401226.381455261,14368365.160101641,14673384.03
2022-03-20,1764,16522121.3,875,10524,14915997.234107507,14942595.299218498,17598065.62
2022-03-27,1883,17598747.38,917,11016,16704043.94621095,15632691.444282793,18916933.79
2022-04-03,1947,18288408.86,918,11567,18179304.150510576,16316538.005467724,19648985.01
2022-04-10,1913,18095292.2,962,11579,19159091.458453257,16837126.59437337,19424211.96
2022-04-17,1882,16935418.13,915,10832,19335838.46359035,17043178.421712063,18083976.8
2022-04-24,2026,17251660.43,859,10558,18501264.01473424,17218162.791108403,18114118.21
2022-05-01,1823,15948748.89,874,10199,18243166.810911886,17206998.36822046,17149181.92
2022-05-08,1466,13468802.54,824,8410,17513843.54967646,16740490.12946236,14301550.52
2022-05-15,1658,14283724.61,814,9235,15372314.862611301,16455362.844970658,14952768.06
2022-05-22,1954,17137030.86,1033,11325,15092616.994177029,16804406.877246816,18656192.78
2022-05-29,1975,17326170.22,1028,11497,17468334.184801385,17114861.008211464,18771214.56
2022-06-05,1869,15991925.88,931,10389,18336921.101609685,17103615.444124892,17043332.42
2022-06-12,1730,15160319.24,927,9887,17474528.647200175,16981432.66833813,16323838.84
2022-06-19,1756,15051828.59,920,9877,16707402.109065818,16862614.86593467,16220975.41
2022-06-26,1838,15522600.56,916,10388,16383117.64302181,16843972.37967425,16743013.05
2022-07-03,1795,15126353.98,947,10111,16623047.914340638,16831435.478102826,16763378.37
2022-07-10,1634,13923147.82,825,8884,16716601.551446883,16501623.389596445,14707598.56
2022-07-17,1603,14269821.34,844,9192,15377266.223815609,16322424.34387305,15345997.7
2022-07-24,1685,14909754.16,924,9852,15356420.54127187,16306681.808912367,16220779.37
2022-07-31,1662,14752759.52,926,9524,15932659.760423956,16263393.91421821,16026896.15
2022-08-07,1590,13939657.18,888,9280,15995484.02014132,16107287.03869265,15253537.76
2022-08-14,1585,13819344.78,868,8912,15500853.180047108,15950476.083196431,15092128.44
2022-08-21,1618,14603522.88,924,9704,15228370.020015702,15962588.369209278,16028937.15
2022-08-28,1592,13983696.9,943,9485,15762081.440005234,15867799.917127538,15348243.33
2022-09-04,1653,14816601.68,931,9496,15486189.36666841,15857973.508460283,15804084.39
2022-09-11,1691,15056025.97,921,10106,15698119.382222803,15947566.602197751,16439124.1
2022-09-18,1771,16657519.09,929,11175,16192122.527407601,16241112.872665217,17852277.99
2022-09-25,1815,16699259.77,949,10998,17298892.835802533,16515818.944374187,18024058.07
2022-10-02,1796,15930644.77,932,10275,17782336.325267512,16601416.826417686,17071507.99
2022-10-09,1753,16508282.14,878,10896,17308450.768422503,16726440.099586695,17413206.46
2022-10-16,1812,16900283.84,937,10940,17378287.896140832,16944551.98184263,18142895.4
2022-10-23,1904,17456672.31,940,11486,17888026.232046943,17180750.210388415,18478674.97
2022-10-30,1910,16013305.32,982,11296,18281792.05734898,17339420.308735248,18211443.36
2022-11-06,1721,14993564.15,954,9776,18234892.925782993,17187452.458209906,16352166.17
2022-11-13,1854,16558485.02,943,10834,16979741.755261,17282366.973340914,17804113.07
2022-11-20,1920,17450573.15,1044,12338,17529322.63175367,17648762.076009456,19663008.35
2022-11-27,2040,19134607.34,978,12219,18951779.777251225,18119248.042255234,20705913.86
2022-12-04,2041,17553156.87,980,11382,20121202.499083742,18276549.832916897,19141424.8
2022-12-11,2060,18332024.99,932,12020,19468017.36636125,18536669.668598395,19966930.15
2022-12-18,1927,16874398.8,1020,10942,19800625.88878708,18551754.188758466,18634699.49
2022-12-25,1810,15600906.12,913,10221,19023341.622929025,18306589.531989045,16958452.91
2023-01-01,1416,11308919.15,820,6830,17646749.14764301,17356645.615768455,12132835.99
2023-01-08,874,7902488.37,628,4724,13970807.042547671,15968961.825068528,8337791.08
2023-01-15,1602,14903657.22,870,9268,10215463.06751589,15927602.051688185,15700150.79
2023-01-22,1801,18491012.87,888,10859,13871921.549171962,16445456.660968484,19293365.75
2023-01-29,1930,19019515.35,973,11571,17486217.68305732,17039480.113438856,20306326.4
2023-02-05,2011,19248981.83,1061,12220,19366290.161019105,17666203.931007076,21112932.55
2023-02-12,2054,19549897.49,979,11488,20530718.420339704,18092084.714684583,20434283.91
2023-02-19,2025,18795981.36,944,11208,20466428.7467799,18344612.73221562,19733444.02
2023-02-26,1740,15613595.41,842,9404,19977772.262259964,18064008.78006301,16520755.5
2023-03-05,2006,19267443.27,996,11712,17673094.42075332,18433901.78418698,20468236.95
2023-03-12,1961,18313468.47,959,11330,19536522.77358444,18584535.052972857,19412991.72
2023-03-19,2168,20565376.68,1120,13287,19454168.73786148,19241011.810426477,22851536.95
2023-03-26,2153,20194053.09,953,11916,21719080.879287157,19550413.654043052,21252085.1
2023-04-02,2114,20545064.79,952,12294,21407750.359762385,19851356.98664234,21506513.47
2023-04-09,2222,20785059.94,982,12571,21473592.433254126,20187139.72040421,22033914.69
2023-04-16,2034,18854140.05,1056,11842,21847140.604418043,20243194.2260287,20551489.76
2023-04-23,2060,18550175.24,1071,11497,20983373.374806017,20233258.20556492,20178610.73
2023-04-30,1869,16457686.06,952,10241,20446864.94493534,19842395.855067678,17692674.13
2023-05-07,1481,13542636.85,938,8731,18610737.73497845,19030335.506002873,14564040.86
2023-05-14,1533,13423256.89,899,8635,15912939.818326151,18347617.642631173,14592695.91
2023-05-21,1748,15905334.37,971,10126,15032777.212775385,18251989.894123517,17726040.42
2023-05-28,1846,16952779.12,920,10151,16828286.017591797,18241740.7588731,18185370.8
2023-06-04,1921,17588511.76,935,10312,17733009.205863934,18283115.585743453,18510676.16
2023-06-11,1767,16169802.85,972,10415,18251453.841954645,18191915.19781927,17690314.88
2023-06-18,1806,16359913.65,987,10050,17877361.200651545,18109826.948476765,17658342.96
2023-06-25,1782,16786312.39,952,10336,17731349.04021718,18124949.926491898,18208126.09
2023-07-02,1835,17032697.87,928,10292,18049200.40673906,18152548.42747568,18304339.85
2023-07-09,1707,15937228.47,932,9861,18219293.36891302,18018701.745394323,17282546.36
2023-07-16,1688,16774240.21,968,10502,17594795.362971008,18045203.85208296,18190965.21
2023-07-23,1668,16918003.47,982,10497,17992241.927657004,18036571.791289072,17989095.52
2023-07-30,1752,16098127.16,910,9792,17990144.322552335,17936196.475608744,17384132.86
2023-08-06,1716,16131033.81,977,9522,17586136.680850778,17844584.013314337,17340715.95
2023-08-13,1740,16542826.91,975,9963,17422522.860283595,17828826.682072554,17742161.43
2023-08-20,1768,17716948.64,925,10381,17635615.24009453,17968221.711316716,18734893.85
2023-08-27,1804,17646878.92,1051,10901,18368467.646698177,18141406.083256647,19093919.58
2023-09-03,1917,17667895.02,1052,10391,18852102.268899392,18212770.38143212,18605273.83
2023-09-10,1895,17806145.18,1036,11042,18687549.976299796,18380952.359929636,19305952.86
2023-09-17,1960,18160883.66,1014,10643,19099818.565433264,18535152.62703277,19383253.8
2023-09-24,1958,18338422.07,1078,11120,19288775.388477754,18704213.40513414,19634047.41
2023-10-01,1959,18130183.24,1013,10848,19518956.73615925,18815650.56329938,19428554.78
2023-10-08,2005,19393328.87,1001,11215,19458688.765386418,19084752.72018462,20564814.27
2023-10-15,1969,18273074.16,1037,10637,20196105.76846214,19134638.064633872,19409007.41
2023-10-22,2135,20983638.75,1001,11680,19671373.529487383,19529435.762202874,21700822.77
2023-10-29,2056,19247679.35,1032,11276,21024339.689829126,19688189.77907713,20561336.76
2023-11-05,1939,17513151.77,891,10340,20715671.069943044,19512605.740033124,18546893.63
2023-11-12,2156,19788709.07,1095,12265,19269819.443314347,19790888.069323644,21321440.74
2023-11-19,2197,20764028.04,1004,11911,20637566.974438116,20121618.546537235,21940636.03
2023-11-26,2246,20548979.69,1033,11648,21506279.67814604,20360493.088039372,21674302.98
2023-12-03,2346,22237412.36,1088,12974,21618295.212715346,20930194.324365295,24063550.95
2023-12-10,2327,21953169.81,1057,12700,23248465.70423845,21318718.734539777,23455602.89
2023-12-17,2296,20005890.98,1039,11625,23386557.161412816,21342559.776182607,21473685.5
2023-12-24,2138,19494912.54,1104,11233,22111309.387137607,21240194.538468637,20677185.75
2023-12-31,1830,16066752.58,955,9127,21155226.962379202,20582478.20284732,16965038.46
